# Created by Octave 9.3.0, Sun May 18 15:57:41 2025 GMT <unknown@hp_pavilion>
# name: med_train
# type: matrix
# rows: 1
# columns: 30
 13.129999999999999 18.460000000000001 85.25 530.40000000000009 0.096035000000000009 0.088349999999999998 0.060014999999999999 0.033299999999999996 0.18035000000000001 0.061670000000000003 0.32199999999999995 1.0754999999999999 2.2664999999999997 24.380000000000003 0.0062439999999999996 0.020119999999999999 0.024149999999999998 0.01068 0.018970000000000001 0.0031105 14.73 24.899999999999999 96.504999999999995 661.29999999999995 0.1313 0.20624999999999999 0.22305 0.097000000000000003 0.28500000000000003 0.080089999999999995


# name: iqr_train
# type: matrix
# rows: 1
# columns: 30
 3.8200000000000003 5.620000000000001 28.060000000000002 327.69999999999999 0.018930000000000002 0.066699999999999995 0.099719999999999989 0.049210000000000004 0.034500000000000003 0.0083099999999999979 0.24299999999999999 0.64300000000000013 1.7330000000000001 26.009999999999998 0.0029119999999999997 0.020050000000000002 0.025529999999999997 0.0067359999999999998 0.0089600000000000009 0.0023910000000000003 5.3199999999999985 8.4200000000000017 39.790000000000006 512.5 0.030299999999999994 0.1973 0.27050000000000002 0.098539999999999989 0.068500000000000005 0.020879999999999996


# name: mu
# type: matrix
# rows: 2
# columns: 30
 -0.27889738219895266 -0.22637010676156588 -0.27584746970776897 -0.22609826060421143 -0.19757210776545214 -0.15108665667166421 -0.14012572402727633 -0.1635908148750253 -0.14140289855072485 0.13418050541516213 -0.14431604938271581 0.19689953343701394 -0.15084662435083659 -0.12346482122260681 0.31018543956043976 0.079266034912718233 0.10106300039169611 -0.1135005938242281 0.25983437500000006 0.24527026348808018 -0.27486466165413564 -0.26690261282660305 -0.25937773309876838 -0.21889014634146334 -0.24649108910891096 -0.14741226558540288 -0.22528906469500926 -0.24884834584940094 -0.1823065693430661 -0.056724137931034251
 1.0210839111362675 0.53302635375589114 0.96837857101577696 1.2205894481603969 0.36490412758241542 0.84332327079703373 0.93852042475688757 1.0348314174772213 0.39900117508813121 0.16463394802744968 1.1181181181181192 0.18898217813458892 1.1295363453470784 1.7070435487390503 0.18865551678051698 0.62030969872615782 0.64414414414414378 0.5903565753996276 0.19126221645752878 0.41323883481976315 1.1228027839869945 0.51777460358220451 1.0484112536763965 1.3696413974950561 0.47618187494425096 0.87722257229352973 0.80099865114652558 0.82420844327176912 0.6551686723219563 0.61615279072175666


# name: sigma
# type: matrix
# rows: 2
# columns: 30
 0.45135268433657522 0.59402616474464442 0.40734105426741785 0.39334749725328472 0.65992728531628397 0.49355090650159195 0.4783193041302306 0.32702679136826523 0.74223319000965771 0.79045021535984838 0.48544569162612711 0.87308327273760666 0.45096805887515556 0.35306143569047138 1.0465948392511935 0.87105770066906207 1.4592175300033758 0.89327598062184455 0.82096209785261043 1.3605508405722544 0.35946720967100837 0.58022852604246444 0.32870277195868297 0.30462976432457012 0.63097740530255775 0.45701503420969003 0.54519316769265058 0.36098630918199653 0.62707729588547123 0.64731491831484045
 0.82475550785729423 0.69796369273874947 0.76615468770480677 1.0809588413068789 0.70283342972306573 0.84563668011328785 0.75434799671873309 0.69024557096687511 0.85210655471286845 0.96170361103296853 1.3795686908358182 0.76325249729376221 1.4713205459177723 2.1251150243489643 1.1060538979908825 1.0035001902154053 0.90478172185059036 0.84723641200463995 1.2086774116220846 0.9073125779554112 0.77724197099203918 0.67836695586151985 0.71173455277988895 1.0878776745776595 0.74644911097485622 0.88061438609174481 0.65686736178816496 0.47330371233369489 1.1267836532005506 1.0870263118815882


# name: P_class
# type: matrix
# rows: 2
# columns: 1
 0.62814070351758799
 0.37185929648241206


# name: classes
# type: matrix
# rows: 2
# columns: 1
 -1
 1


