# Created by Octave 9.3.0, Thu May 29 15:35:15 2025 GMT <unknown@Sopa>
# name: best_model
# type: scalar struct
# ndims: 2
 1 1
# length: 11
# name: W1
# type: matrix
# rows: 20
# columns: 30
 -0.45329805994105904 0.15062814671817856 -0.13009797396588796 -0.24515489872700025 0.040436125228964032 -0.013500642156141657 0.16491258539512338 -0.28951627565176297 -0.11758718416061736 0.022662548960477015 -0.36024035930202847 0.29820259998320536 -0.36498539697829019 -0.18398466206756858 0.25012649740073883 0.025855022588348292 -0.11161008175172236 -0.1482422057953974 0.068389911082338758 0.17178571532004558 -0.046606674247192163 -0.04601261126050267 -0.19325032255898364 -0.47284990768907126 0.24045638694382551 0.02754660988573273 -0.060367864752706495 -0.3970707519167081 -0.095313012772348021 -0.20771982362719105
 -0.14674944665459547 -0.70879829704383079 -0.12000377129443421 -0.20242222688348679 -0.29360650589033616 -0.23932593344951206 -0.32571698298590535 0.12992927543061067 -0.037024066680086766 0.040822160840417107 -0.46348462191397288 -0.016421451346965373 -0.0051651017360275801 -0.43520083641281432 0.11257021651760828 0.40169335698429393 0.29747199270587532 0.22604407557988099 0.063520317210686392 0.452079332457757 -0.30264387283311478 -0.86702216394421405 -0.089108295835686802 -0.23322760686452015 -0.238887532912051 0.083299657075847189 0.60771410464896047 0.15089280917694833 -0.18130501560861131 -0.63227598608327062
 0.15876420047402923 0.085390142825158485 0.051999296957439357 0.0063641481335460241 1.1575320570049648 0.38380408283289502 0.31009641458796694 0.38960136638865106 0.32148410006417988 -0.43659772228479338 0.61438924716601573 -1.2326085928085402 0.41959129909261877 0.62031373393218858 -0.0041403665111244521 -0.42323868899120681 -0.53451928787158409 -0.27831947319697181 -0.21825796835228739 -1.0114078232504577 0.42025477138089906 0.14810883835493913 0.62416711277202719 0.53463556839710813 1.4861757688546278 0.28695890761506981 0.44794359922727778 0.73037028667362514 0.5579980507359088 0.081750883236790278
 -0.031039040571596902 -0.065841712314583065 -0.045829094012168031 0.031335603390307824 -0.22142477237508584 -0.21502012888683111 0.048671491556556701 -0.2962839005774846 -0.18244477337187404 0.16985982254582468 -0.18164461676968455 -0.22820549261674497 -0.30077160224070026 0.16851287761600955 -0.13036108927164833 0.059437133193910752 0.072551451893865818 -0.12185930972935234 -0.067708122888696085 -0.11469047239851926 -0.16976383653220159 -0.074124914067621547 -0.21173527866321762 -0.0087982348313202941 -0.033620015803712461 -0.28545828527630196 -0.20111448531320159 -0.14743434479267839 -0.039801237342316387 -0.24172948120895965
 0.057404416363682806 0.15256863060293099 -0.028611043981943418 0.057500607989469626 -0.088167308843948827 -0.17061996788012235 0.37865882221182784 0.11867971806654856 -0.32146512257488269 0.047483193454439659 0.072252943657706098 -0.81597551460751094 -0.083597798638567603 -0.18996952616989704 -0.0081833671360932829 -0.47571378177047929 0.051426966549401903 -0.2860714166806162 -0.2068236065984036 -0.36780305254051288 0.1282110543826179 -0.023346054222884736 -0.16935777698770096 0.089252106168847531 0.4253546637224257 -0.080383611919305292 0.10886301237912864 0.036230337835997245 -0.22175089111768739 0.13064101509117329
 -0.25844637818981386 -0.24143350880535763 -0.20952487794926522 -0.2582037037924354 -0.079400189965249487 -0.064675388664475919 -0.11758078548689138 -0.2342440440069109 -0.079163295709599596 0.049186257877454301 -0.24747263407855138 -0.075075271857353715 0.12647537370693845 0.026098588736818792 0.098645800443120504 -0.32924624940819797 0.11729235037084175 -0.062502549162159415 -0.030187407183184439 -0.064689052308430625 -0.15877698626456863 -0.19087633594122627 -0.11335721751142377 -0.0036812302657098072 -0.15049660018717226 -0.027092770614975524 -0.11275453427177998 -0.28793673538300113 -0.036754421670921723 -0.097650978660086388
 -0.036930733955227793 -0.10536477782668241 -0.4069798664447935 -0.31443231825084489 0.10102488680657212 -0.25950214933602644 -0.32254153312558803 -0.1887029018416464 -0.11760054122983601 0.16782775966342695 -0.23886353927443768 -0.061704730920511125 0.057182824766772528 0.14146421227327788 -0.15555950304046129 0.074166999570664124 -0.21498232563955333 -0.27129520879934921 0.18839088730964546 -0.10809731310231263 -0.02934969638155234 -0.093749345190423078 -0.37322864908312692 -0.18306136782323726 -0.024124029053026567 -0.21304018392275742 -0.17663973397170984 -0.099886710309351034 -0.060153580885384209 -0.069622486507582543
 -0.091753304462171781 -0.17157163272629106 -0.17212329227354548 -0.14655237046756744 -0.057421367654727488 -0.044387290777634314 -0.12286882612513257 -0.11185079620234926 0.03995320406948339 -0.017490116963107739 -0.14256038384735636 -0.16796238653462792 -0.16013068836815869 -0.015091470640709356 0.090155464376659084 -0.10240926008460886 -0.030928744867201329 -0.14867439426641332 0.077600668609460133 -0.19160560003664698 -0.30442280067951949 -0.29158757479992442 0.01503981802522132 -0.13281576855077537 -0.12838238948470362 -0.21073404879943436 -0.020281477402579458 -0.019285751341502743 -0.10429704404171787 0.092585177515402059
 0.17779929030912361 0.25904503021175951 -0.026737430588437847 -0.28221473326203833 -0.34342017560043264 -0.31950592514622078 -0.11562706891332086 0.16864678937212049 0.24321013146494103 -0.23740845214696568 0.30010152600623952 0.53313169766948332 0.56820699436585942 0.33715071357409065 0.33402292334320299 0.10459411876662901 0.300611227106518 0.81316441797137284 -0.24147971860680253 -0.11261017763613322 0.21441745100550014 -0.10897382003434405 0.10416797727768137 -0.039618553047698943 -0.19692885089694973 -0.19977234311444203 -0.010360228146372925 0.24711165504298338 -0.29279722008692483 -0.10642692463616542
 0.26411934427753586 -0.55959078606620105 -0.0081869358936922463 0.041301840459254627 -0.003164817928978329 -0.098469054773607234 -0.20249576554547016 0.14491016992755751 0.46007961703504796 -0.2604821701533242 -0.1055822771570136 -0.14055558857954831 -0.19346823509720473 -0.18766850303401036 0.24402128796504985 0.069548161593781174 -0.080121275391590599 -0.064708784075494546 -0.03108067015760722 0.12522912944071621 -0.037315124304099355 -0.3164633875384163 -0.15824529309247462 -0.026638909006111305 -0.026575951737655569 -0.17455829091564209 -0.23631165667721751 -0.086521305304825269 0.0063237594944283611 -0.26231346401047989
 0.028879245477984192 -0.94659540256514307 -0.040045979465498815 0.1665759112884255 0.11283977466220772 0.037533884866808295 -0.4259803486280957 -0.050053336328806028 0.14001315154570732 -0.35640211771747698 -0.078783583615933628 -0.16453657146678044 -0.26937097450494396 -0.5969376375580957 0.44700104877186014 0.40392009744750923 0.11778322990500553 -0.37840929785451327 -0.22820401955965189 0.11160542437578977 -0.17308483060128702 -0.68194173836105187 -0.43845402818629253 -0.4782730888995288 0.45927867292261598 0.25063836067041778 0.1686438749398731 -0.060034112063443924 0.14699905653344209 -0.61348227537135136
 0.24854827032011112 -0.066430350374162117 0.13035659124900872 0.61495800553443358 0.42803636418706725 0.48410848889440028 0.41150037948949347 0.2833439303181714 0.10696768740858063 -0.05340869826071893 0.1400004489481812 0.070243172110765348 0.2015537532345561 0.42419563594353277 -0.044181676796972637 -0.25636572594710494 -0.41912829640609911 -0.23175815357602858 -0.082832565761226412 -0.39077886626421543 0.43865601917508723 0.45960265911896897 0.62140999623739446 0.51513383112306987 0.73477693987892867 0.21878592511400871 0.49767921233722784 0.33157672506762786 0.1381953716226462 0.79964365406040583
