# Created by Octave 9.3.0, Thu May 29 15:32:22 2025 GMT <unknown@Sopa>
# name: w
# type: matrix
# rows: 1
# columns: 30
 0.29111272427556656 0.52935693262996852 0.23003058003390542 0.13241917231706835 0.22871125062786801 -0.16131230303247218 0.062366522394197321 0.15863757588551813 -0.11421648969958698 -0.16805636807138835 0.10388152591578936 -0.25792791235539314 -0.054070821587494988 -0.046464752085998595 0.047005341374798532 -0.075520533031581238 -0.033184776673763933 -0.13002643497694999 0.10129145828035016 -0.12231038385382699 0.44508525106892083 0.28312075850034857 0.24156222568680585 0.12556197593899543 0.24922423278499206 0.2142228615864028 0.071152010000085197 0.33362603658990198 0.20077484490186215 -0.18714049856244863


# name: b
# type: scalar
-1


# name: Xmin
# type: matrix
# rows: 1
# columns: 30
 6.9809999999999999 9.7100000000000009 43.789999999999999 143.5 0.062509999999999996 0.019380000000000001 0 0 0.1167 0.049959999999999997 0.1115 0.36020000000000002 0.75700000000000001 6.8019999999999996 0.0017129999999999999 0.0022520000000000001 0 0 0.0078820000000000001 0.00089479999999999996 7.9299999999999997 12.02 50.409999999999997 185.19999999999999 0.071169999999999997 0.027289999999999998 0 0 0.1565 0.055039999999999999


# name: Xmax
# type: matrix
# rows: 1
# columns: 30
 28.109999999999999 39.280000000000001 188.5 2499 0.1447 0.34539999999999998 0.42680000000000001 0.20119999999999999 0.30399999999999999 0.097439999999999999 2.8730000000000002 4.8849999999999998 21.98 525.60000000000002 0.031130000000000001 0.13539999999999999 0.39600000000000002 0.052789999999999997 0.078950000000000006 0.029839999999999998 33.119999999999997 49.539999999999999 220.80000000000001 3432 0.22259999999999999 1.0580000000000001 1.252 0.29099999999999998 0.66379999999999995 0.20749999999999999


